50
40
0 7206 4
1 6084 3
2 5176 1
3 3659 5
4 6303 5
5 9620 4
6 4795 1
7 7751 3
8 8917 2
9 5963 2
10 3307 5
11 7695 3
12 6793 2
13 3200 3
14 4103 1
15 7346 3
16 4062 3
17 9623 3
18 5402 5
19 3461 5
20 6625 5
21 3191 1
22 9368 2
23 7186 3
24 6645 3
25 6602 1
26 7206 1
27 8575 3
28 6887 1
29 3247 1
30 3414 4
31 7594 5
32 7199 2
33 4224 5
34 9172 2
35 9883 5
36 8370 1
37 6280 1
38 3736 5
39 5529 4
10
14 12
49 26
15 0
1 28
32 38
40 47
35 24
11 26
2 17
24 18
10
20 32
32 36
22 2
33 11
6 7
25 28
27 15
10 7
2 9
25 17
12
32 14
17 3
8 14
3 32
3 11
10 37
29 3
26 14
3 19
5 27
36 34
11 26
11
11 24
14 38
25 23
16 4
19 4
38 9
12 11
38 5
33 29
17 34
12 27
